0.000000000000000000e+00 -3.038094041611268281e+00
2.000000000000000111e-01 3.207097697641600575e+00
4.000000000000000222e-01 9.877577024003450390e+00
6.000000000000000888e-01 -3.111271436425374404e+00
8.000000000000000444e-01 -1.136610047291730652e+00
1.000000000000000000e+00 1.608036387523321409e+01
1.200000000000000178e+00 2.156898465047060398e+01
1.400000000000000133e+00 1.393743668232719557e+00
1.600000000000000089e+00 1.704528905596739108e+01
1.800000000000000044e+00 1.058620560564792967e+01
2.000000000000000000e+00 2.441819042914668358e+01
2.200000000000000178e+00 4.350174397145625704e+00
2.400000000000000355e+00 2.325383404695783796e+01
2.600000000000000089e+00 2.121987540762468427e+01
2.800000000000000266e+00 1.368710204428401411e+01
3.000000000000000000e+00 3.011400215758081345e+01
3.200000000000000178e+00 2.732305224829079293e+01
3.400000000000000355e+00 3.436315949249890878e+01
3.600000000000000089e+00 1.898851891125020330e+01
3.800000000000000266e+00 3.322972463611014859e+01
4.000000000000000000e+00 4.088370030620968976e+01
4.200000000000000178e+00 4.996021803042299325e+01
4.400000000000000355e+00 3.146376964392337783e+01
4.600000000000000533e+00 4.072445501002800938e+01
4.800000000000000711e+00 6.745094976223576566e+01
5.000000000000000000e+00 7.140396020994197102e+01
5.200000000000000178e+00 6.096297588963365399e+01
5.400000000000000355e+00 5.202763330150433774e+01
5.600000000000000533e+00 6.828149501420071488e+01
5.800000000000000711e+00 8.275808244419427240e+01
6.000000000000000000e+00 7.740571345555021310e+01
6.200000000000000178e+00 8.510031995007216210e+01
6.400000000000000355e+00 1.017570564167738780e+02
6.600000000000000533e+00 1.017394299819334691e+02
6.800000000000000711e+00 1.105049373761282965e+02
7.000000000000000000e+00 9.603325447450045260e+01
7.200000000000000178e+00 1.089941706623176003e+02
7.400000000000000355e+00 1.176062223732228915e+02
7.600000000000000533e+00 1.287693286680299138e+02
7.800000000000000711e+00 1.396965118344876942e+02
8.000000000000000000e+00 1.458263437203070225e+02
8.200000000000001066e+00 1.525056550053086255e+02
8.400000000000000355e+00 1.338413917960674553e+02
8.599999999999999645e+00 1.666058713101953117e+02
8.800000000000000711e+00 1.506264023367769482e+02
9.000000000000000000e+00 1.794678461304225721e+02
9.200000000000001066e+00 1.701692610432216100e+02
9.400000000000000355e+00 1.746030292426605683e+02
9.600000000000001421e+00 1.805532934032888193e+02
9.800000000000000711e+00 2.008795740887238708e+02
1.000000000000000000e+01 2.142111658369950362e+02
