0.000000000000000000e+00 -1.266514541743124767e+01
2.000000000000000111e-01 2.451804686757029472e+01
4.000000000000000222e-01 -2.079831674918824547e+01
6.000000000000000888e-01 2.662353717147623655e+01
8.000000000000000444e-01 -1.264571142160907868e+01
1.000000000000000000e+00 -3.589489630845903889e+00
1.200000000000000178e+00 1.011271294241992535e+01
1.400000000000000133e+00 3.446757276842171791e+01
1.600000000000000089e+00 1.843808549695028276e+01
1.800000000000000044e+00 -3.191684150760061556e+01
2.000000000000000000e+00 -1.355360562223189902e+01
2.200000000000000178e+00 4.825522103048738387e+01
2.400000000000000355e+00 1.598279942236971074e+01
2.600000000000000089e+00 9.280475338257616613e-01
2.800000000000000266e+00 3.434942259905582063e+01
3.000000000000000000e+00 2.858002584705275240e+00
3.200000000000000178e+00 7.136323456766487539e+01
3.400000000000000355e+00 6.936400424695307265e+01
3.600000000000000089e+00 1.330371250063747368e+01
3.800000000000000266e+00 3.040305551671986350e+01
4.000000000000000000e+00 5.818429161640237623e+01
4.200000000000000178e+00 9.942390272854012778e+01
4.400000000000000355e+00 7.234139040312753366e+01
4.600000000000000533e+00 8.808445215913297943e+01
4.800000000000000711e+00 8.506145351553027467e+01
5.000000000000000000e+00 1.451365274142671069e+02
5.200000000000000178e+00 1.452288370735013814e+02
5.400000000000000355e+00 1.653943006063665280e+02
5.600000000000000533e+00 1.873505448689138575e+02
5.800000000000000711e+00 2.333166798144793006e+02
6.000000000000000000e+00 2.073090770302428041e+02
6.200000000000000178e+00 2.318150983713271671e+02
6.400000000000000355e+00 2.249894685082262527e+02
6.600000000000000533e+00 2.798602198079890400e+02
6.800000000000000711e+00 3.499613000570420809e+02
7.000000000000000000e+00 3.144536430349681950e+02
7.200000000000000178e+00 3.914087122578145568e+02
7.400000000000000355e+00 3.666005855341628603e+02
7.600000000000000533e+00 4.164928301658812302e+02
7.800000000000000711e+00 4.910017761611406968e+02
8.000000000000000000e+00 5.269663857178509261e+02
8.200000000000001066e+00 5.800549963129222988e+02
8.400000000000000355e+00 6.216401607559530476e+02
8.599999999999999645e+00 6.729903072268626829e+02
8.800000000000000711e+00 6.416241091384939637e+02
9.000000000000000000e+00 7.420506450741669369e+02
9.200000000000001066e+00 7.632765427369434974e+02
9.400000000000000355e+00 8.565122081594389556e+02
9.600000000000001421e+00 8.756936162809664665e+02
9.800000000000000711e+00 9.643400061652464501e+02
1.000000000000000000e+01 9.691505121424388562e+02