0.000000000000000000e+00 -4.262919740131003721e+00
2.000000000000000111e-01 -2.574038416001340757e+00
4.000000000000000222e-01 -1.059583969202074538e+00
6.000000000000000888e-01 2.536738111379117644e+00
8.000000000000000444e-01 3.924201584198424797e+00
1.000000000000000000e+00 -6.573373228267156421e-01
1.200000000000000178e+00 3.148559216844084574e+00
1.400000000000000133e+00 1.758735228051619970e+00
1.600000000000000089e+00 8.872211967969430901e+00
1.800000000000000044e+00 6.296447548839865682e+00
2.000000000000000000e+00 1.182368069676231670e+01
2.200000000000000178e+00 1.162823607077230470e+01
2.400000000000000355e+00 1.045652031276439331e+01
2.600000000000000089e+00 1.603242511249307256e+01
2.800000000000000266e+00 8.373771527157476413e+00
3.000000000000000000e+00 1.720762795203267714e+01
3.200000000000000178e+00 1.835655327787796764e+01
3.400000000000000355e+00 1.874606847448153246e+01
3.600000000000000089e+00 2.050752072107698609e+01
3.800000000000000266e+00 1.880242881483919604e+01
4.000000000000000000e+00 1.506909114561776519e+01
4.200000000000000178e+00 2.461927405386052925e+01
4.400000000000000355e+00 1.676737928264713418e+01
4.600000000000000533e+00 2.145531251235128423e+01
4.800000000000000711e+00 1.849319047140498640e+01
5.000000000000000000e+00 1.918200055323404030e+01
5.200000000000000178e+00 2.042292039149641880e+01
5.400000000000000355e+00 2.217777782801670128e+01
5.600000000000000533e+00 2.233026887808662408e+01
5.800000000000000711e+00 2.465387689606683352e+01
6.000000000000000000e+00 2.658981255571747937e+01
6.200000000000000178e+00 2.828632630923316782e+01
6.400000000000000355e+00 3.194227198884048491e+01
6.600000000000000533e+00 3.394444556784155509e+01
6.800000000000000711e+00 2.999321829055418220e+01
7.000000000000000000e+00 3.822856940296797035e+01
7.200000000000000178e+00 3.225271614313745516e+01
7.400000000000000355e+00 3.997923735734877937e+01
7.600000000000000533e+00 3.404505618932370936e+01
7.800000000000000711e+00 3.568306541626517259e+01
8.000000000000000000e+00 3.768314195554251711e+01
8.200000000000001066e+00 4.293529330202684946e+01
8.400000000000000355e+00 4.165556583349694364e+01
8.599999999999999645e+00 4.352865643143276486e+01
8.800000000000000711e+00 4.270799175012232496e+01
9.000000000000000000e+00 3.949859867338649622e+01
9.200000000000001066e+00 4.425431388269442579e+01
9.400000000000000355e+00 5.095603459907128752e+01
9.600000000000001421e+00 5.137980720944649704e+01
9.800000000000000711e+00 4.786494333508244381e+01
1.000000000000000000e+01 5.160627925685096784e+01