1.000000000000000000e+00 1.312666162249484536e+01
1.179999999999999938e+00 1.228130217297442606e+01
1.359999999999999876e+00 1.147929723409079905e+01
1.540000000000000036e+00 1.121871063930857737e+01
1.719999999999999973e+00 1.111871122892205044e+01
1.899999999999999911e+00 1.096436416830314364e+01
2.080000000000000071e+00 1.061721517041794272e+01
2.259999999999999787e+00 1.070273318940588325e+01
2.439999999999999947e+00 1.036285871435514672e+01
2.620000000000000107e+00 1.029235071336361784e+01
2.799999999999999822e+00 1.047241638388396012e+01
2.979999999999999982e+00 1.047260450192970538e+01
3.160000000000000142e+00 1.032573306672391666e+01
3.339999999999999858e+00 1.030919933688100976e+01
3.520000000000000018e+00 1.035909039074663340e+01
3.699999999999999734e+00 1.028057324402625561e+01
3.879999999999999893e+00 1.022220167181986916e+01
4.060000000000000497e+00 1.023474056109579777e+01
4.240000000000000213e+00 1.009931780971096771e+01
4.419999999999999929e+00 1.029896949546665219e+01
4.599999999999999645e+00 1.027483317077701841e+01
4.779999999999999361e+00 1.006888878316218339e+01
4.959999999999999964e+00 1.024574402748783086e+01
5.139999999999999680e+00 1.003223894063181554e+01
5.320000000000000284e+00 9.997805040996830428e+00
5.500000000000000000e+00 1.010564664688622827e+01
5.679999999999999716e+00 1.021960597911600033e+01
5.859999999999999432e+00 1.020078004370862779e+01
6.040000000000000036e+00 9.996549713633545053e+00
6.219999999999999751e+00 1.017295139728244990e+01
6.399999999999999467e+00 1.005318550385472243e+01
6.580000000000000071e+00 1.007928793395173273e+01
6.759999999999999787e+00 9.968407002587124310e+00
6.939999999999999503e+00 9.960919528207208273e+00
7.120000000000000107e+00 9.948665048826088153e+00
7.299999999999999822e+00 1.017446459198041353e+01
7.479999999999999538e+00 9.994380200232125588e+00
7.660000000000000142e+00 9.974814184668124639e+00
7.839999999999999858e+00 9.938590601000461433e+00
8.019999999999999574e+00 9.993899370242250058e+00
8.199999999999999289e+00 1.009262252456057141e+01
8.379999999999999005e+00 9.927197191489803174e+00
8.559999999999998721e+00 9.966659757325531999e+00
8.739999999999998437e+00 9.946193576260776936e+00
8.919999999999999929e+00 9.900350944260585706e+00
9.099999999999999645e+00 1.015239762692042724e+01
9.279999999999999361e+00 9.893365679896190201e+00
9.459999999999999076e+00 1.016165797968678852e+01
9.640000000000000568e+00 1.006218166040464190e+01
9.820000000000000284e+00 1.015308704847864263e+01
1.000000000000000000e+01 1.003194267151191177e+01
