0.000000000000000000e+00 2.968836355998420551e+00
2.000000000000000111e-01 2.969524744152535867e+00
4.000000000000000222e-01 2.694210565504388200e+00
6.000000000000000888e-01 2.357573866687794784e+00
8.000000000000000444e-01 2.168710648141257913e+00
1.000000000000000000e+00 2.154620494316646706e+00
1.200000000000000178e+00 2.196771551672145772e+00
1.400000000000000133e+00 2.076244987009073117e+00
1.600000000000000089e+00 1.734157419516530574e+00
1.800000000000000044e+00 1.675451606413858485e+00
2.000000000000000000e+00 1.360685624265083327e+00
2.200000000000000178e+00 1.444938593668340543e+00
2.400000000000000355e+00 1.331324566131982801e+00
2.600000000000000089e+00 1.437208934701195817e+00
2.800000000000000266e+00 1.376149221908494535e+00
3.000000000000000000e+00 9.894171831020823760e-01
3.200000000000000178e+00 8.334370259771244349e-01
3.400000000000000355e+00 9.344460694810743373e-01
3.600000000000000089e+00 1.016214411386478389e+00
3.800000000000000266e+00 7.076456086174118809e-01
4.000000000000000000e+00 6.298601444696279028e-01
4.200000000000000178e+00 7.181894949452057864e-01
4.400000000000000355e+00 7.171612243427490929e-01
4.600000000000000533e+00 8.089032760406685840e-01
4.800000000000000711e+00 4.599901875940179963e-01
5.000000000000000000e+00 4.350791954150267093e-01
5.200000000000000178e+00 3.570030975486776503e-01
5.400000000000000355e+00 4.705572408600388612e-01
5.600000000000000533e+00 2.928248570939547823e-01
5.800000000000000711e+00 4.856305545547464630e-01
6.000000000000000000e+00 5.363372105925026112e-01
6.200000000000000178e+00 4.877268470298282699e-01
6.400000000000000355e+00 4.661032769051793867e-01
6.600000000000000533e+00 5.293532257890736226e-01
6.800000000000000711e+00 4.137429817999909720e-01
7.000000000000000000e+00 3.502212689450451832e-01
7.200000000000000178e+00 4.181560785652355672e-01
7.400000000000000355e+00 1.710776792251625655e-01
7.600000000000000533e+00 1.628480798864483936e-01
7.800000000000000711e+00 9.848577318095595723e-02
8.000000000000000000e+00 2.087343604995531288e-01
8.200000000000001066e+00 7.128537200051264511e-02
8.400000000000000355e+00 1.604958241288534371e-01
8.599999999999999645e+00 2.480019287765550806e-01
8.800000000000000711e+00 7.249399843631521012e-02
9.000000000000000000e+00 2.863839073094958110e-01
9.200000000000001066e+00 1.090311499267424822e-01
9.400000000000000355e+00 1.812868983122974953e-01
9.600000000000001421e+00 2.597112583738472313e-01
9.800000000000000711e+00 -7.297290721941082636e-02
1.000000000000000000e+01 1.494778556942781833e-01