   4.887
   4.885
   6.132
   4.482
   4.251
   5.216
   5.468
   5.576
   6.343
   5.311
   6.403
   4.843
   6.131
   4.774
   4.856
   6.479
   3.981
   4.362
   4.459
   5.447
   4.905
   4.935
   5.963
   5.348
   5.673
   5.447
   6.376
   4.323
   3.947
   4.446
   6.381
   4.204
   5.576
   6.085
   7.120
   5.695
   4.282
   4.447
   4.965
   4.205
   6.165
   5.134
   5.828
   4.849
   5.594
   3.911
   5.359
   6.099
   5.544
   4.639
   6.583
   4.852
   5.610
   5.537
   7.430
   4.957
   6.454
   4.961
   5.001
   5.529
   4.868
   4.860
   4.370
   4.837
   5.121
   5.839
   5.636
   4.105
   6.117
   4.881
   4.428
   6.073
   3.469
   5.447
   4.630
   4.788
   5.680
   4.418
   5.075
   5.730
   5.401
   6.531
   6.964
   4.281
   5.412
   4.232
   7.375
   4.338
   6.881
   6.045
   3.528
   4.572
   4.437
   5.380
   6.087
   5.417
   5.013
   5.980
   5.056
   3.960